# Created by Octave 4.2.2, Thu Nov 19 16:06:05 2020 -03 <carlos@arkham>
# name: space_packet
# type: matrix
# rows: 1
# columns: 23
 42 67 85 66 69 68 48 0 67 85 66 69 83 49 0 3 240 1 1 3 222 173 20320


